750
0
1
3 2
5
6
7
8
9
10
11
12
13 4
14
15
16
18
19
20 17
22
23 21
25 24
27 26
28
30 29
32 31
33
35 34
37
38
39
40
41 36
42
43
44
45
46
47
48
50 49
51
52
54
55
56
57 53
59
60 58
61
63
64 62
65
67
68 66
69
71 70
72
73
74
75
76
77
79
80
81
82 78
84 83
85
86
87
88
90
91
92 89
94 93
95
97
98
99 96
101
102
103 100
104
106 105
108
109 107
110
111
113
114
115
116 112
118
119
120 117
121
122
123
125 124
126
128 127
129
131 130
133 132
135 134
137 136
139 138
141 140
142
144
145
146
147 143
149
150 148
152 151
153
155
156
157
158 154
159
161 160
163 162
165
166 164
168
169
170 167
171
172
174 173
176 175
178
179 177
180
182 181
183
185
186 184
188
189
190 187
192 191
194 193
196 195
198 197
200
201 199
202
204
205
206
207
208
209 203
210
211
213 212
215
216 214
218 217
219
220
221
223 222
225
226
227 224
229
230
231
232 228
234
235 233
236
237
238
240
241
242
243 239
244
246
247
248
249 245
250
252
253
254 251
255
256
258 257
260 259
262 261
264 263
265
266
267
268
269
271
272
273
274 270
276 275
277
278
279
280
282 281
284 283
286
287 285
289 288
290
291
293
294
295
296 292
297
298
300 299
302
303 301
304
305
307
308 306
309
310
311
312
313
314
315
317 316
318
319
321
322 320
323
324
325
327 326
329
330 328
331
332
334
335 333
336
338 337
340
341
342
343 339
344
345
347
348
349
350 346
351
352
353
355 354
356
357
359 358
361 360
363
364 362
365
366
368
369
370
371
372
373 367
375
376 374
378 377
379
380
381
383 382
385
386
387
388 384
389
391
392 390
394 393
395
396
398 397
400 399
402
403 401
404
406
407
408
409 405
411
412
413
414 410
416
417
418 415
419
421 420
423 422
424
426 425
427
429 428
431 430
433 432
435 434
436
437
438
439
441
442
443 440
444
445
447
448
449
450
451
452 446
453
455 454
457
458 456
460
461 459
463 462
465
466
467
468 464
469
470
472
473 471
474
476
477
478 475
479
480
481
483
484
485
486
487 482
488
489
491
492 490
493
494
496 495
498 497
500 499
502
503 501
504
505
507 506
509 508
510
512 511
513
515
516 514
517
518
520 519
521
522
524
525 523
526
527
529
530 528
532 531
533
534
535
537 536
538
539
540
542 541
543
544
546
547 545
548
550
551 549
553
554 552
555
556
557
558
560
561
562
563 559
564
565
567
568
569 566
570
572
573 571
575
576
577 574
578
579
581 580
582
584 583
586 585
587
588
589
591 590
593
594 592
595
596
597
598
599
600
601
602
603
605 604
607 606
608
609
610
612 611
613
614
616 615
617
618
620 619
622
623 621
624
626 625
627
628
629
631 630
632
633
634
635
637
638
639 636
640
641
643 642
644
646
647 645
649 648
650
652 651
654 653
656 655
658
659 657
660
661
662
664 663
666
667 665
668
669
671 670
673
674
675
676 672
678
679 677
680
682 681
684 683
686
687
688 685
690
691
692
693
694 689
696
697 695
699
700 698
701
703
704
705 702
706
707
709 708
711 710
712
713
715
716 714
718 717
719
720
721
723 722
725
726
727 724
729
730
731
732 728
733
734
735
737
738 736
740
741 739
743
744 742
745
747 746
748
749
750
751
753 752
755 754
757
758 756
759
761
762 760
764 763
766
767
768
769 765
770
771
772
773
774
776 775
777
778
779
781
782 780
784 783
786
787
788
789
790 785
792
793 791
794
796 795
798 797
800 799
801
803
804 802
806
807 805
808
810 809
812
813
814 811
815
817
818
819
820
821
822
823 816
824
825
826
828 827
829
831 830
832
833
834
835
836
838
839 837
841
842 840
843
844
845
847
848 846
850 849
851
852
853
854
856
857 855
859 858
860
862
863 861
864
865
866
867
869
870
871 868
872
873
875 874
876
878
879 877
881 880
883
884
885
886
887 882
888
890
891
892 889
894 893
895
896
897
899 898
901 900
902
903
904
906
907 905
909 908
911
912
913 910
915 914
916
918
919 917
920
922 921
924 923
925
926
927
928
930 929
932 931
933
935
936 934
938 937
940
941 939
942
943
944
945
946
948 947
950
951 949
952
953
955 954
956
958
959 957
960
961
963
964 962
966
967 965
968
969
971
972 970
974 973
976
977 975
979 978
980
982 981
983
984
986 985
987
989
990
991 988
992
993
995 994
997
998
999 996
