750
754
1
989
983
976
971
966
959
14
16
17
955
948
938
917
914
895
893
874
33
869
859
854
848
843
42
43
45
842
829
56
826
823
822
819
809
74
75
77
807
791
790
785
784
780
778
772
767
766
764
107
748
110
747
112
742
741
121
122
738
734
132
135
136
733
730
141
722
713
702
694
692
691
164
690
680
170
174
176
678
672
667
658
184
186
655
652
192
649
194
647
646
642
639
626
205
621
209
210
611
602
592
575
574
569
220
556
540
538
531
230
520
519
235
239
515
506
505
493
491
489
486
258
477
453
448
441
268
431
425
420
276
412
397
380
379
282
378
377
374
357
356
293
354
351
298
346
342
340
334
303
333
308
332
326
312
325
323
315
316
317
906
319
997
7
975
933
931
309
925
24
908
875
29
851
850
849
839
827
62
63
811
804
787
776
100
140
727
724
693
682
177
283
656
193
640
212
593
213
591
565
560
222
536
240
514
473
446
440
439
274
13
423
430
272
433
435
436
421
981 980
267
442
946 945
265
450
451
261
456
457
460
462
463
467
909 904
901 898
783 782
750 749
479
700 699
483
485
255
587 586
552 548
251
498 496
419 418
499
500
502
504
245
399 398
507
295 291
509
411
406
516
233
232
526
530
229
532
533
207 206
228
539
225
541
85 84
549
69 68
551
554
998
400
992
4
278
987
396
986
5
570
978
313
311
584
972
393
391
389
594
596
597
9
604
605
970
610
11
613
614
616
208
963
203
627
629
429
202
951
641
21
644
944
936
935
648
279
650
189
328
926
281
305
663
923
669
671
178
677
284
679
167
922
687
688
166
159
921
370
23
148
704
302
707
708
712
907
718
719
142
905
369
900
899
896
729
364
25
139
888
736
887
886
120
880
743
878
299
111
870
3
755
756
757
34
106
103
362
768
865
98
864
361
777
92
863
90
89
860
786
360
35
81
792
855
852
803
358
347
73
348
812
815
70
820
821
292
349
60
352
39
830
831
845
296
48
41
844
350 345
836
294
287
78
802
38
799
83
87
779
775
771
867
761
109
746
300
877
745
113
739
125
127
889
890
28
732
728
367
725
723
320
145
301
913
706
149
154
286
179
924
181
187
329
654
196
197
22
939
942
645
201
950
381
954
19
638
962
623
964
211
969
606
387
588
576
216
217
219
567
561
559
557
994
314
555
275
416
918 916
911 910
468
472
883 882
789 788
277
260
480
659 657
55 54
58 57
636 635
65 64
634 633
550
632 631
79 76
630 628
546
608 607
603 601
600 599
97 96
598 595
104 102
488
578 577
117 116
254
247
487 484
497
241
385 384
363 359
50
508
248 246
224 223
221 218
215 214
404
585 583
999 996
108 105
172 171
182 180
988 985
190 188
2 0
979 977
974 973
968 967
160 158
965 961
943 941
940 937
928 927
237 236
920 919
903 902
152 151
892 891
253 252
868 866
828 825
824 818
269 266
271 270
280 273
806 805
794 793
37 36
781 774
307 306
318 310
322 321
327 324
763 762
336 335
338 337
758 753
752 751
47 46
711 710
698 697
366 365
696 695
685 684
683 681
676 675
674 673
53 52
643 637
395 394
61 59
82 80
405 403
590 589
175 173
580 579
571 568
566 564
547 545
427 426
432 428
542 537
535 534
445 444
449 447
529 528
527 525
524 523
465 464
513 512
503 501
128 126
478 476
737 735
165 163
195 191
199 198
124 123
949 947
227 226
469 466
885 884
872 871
798 797
773 770
331 330
760 759
731 726
717 716
355 353
709 705
558 553
133 131
417 415
150 147
130 129
991 990
414 413
582 581
169 168
185 183
984 982
492 490
95 94
495 494
88 86
612 609
162 161
619 618
622 620
625 624
157 156
72 71
67 66
563 562
392 390
653 651
388 386
661 660
664 662
666 665
670 668
137 134
383 382
376 375
373 372
689 686
371 368
143 138
960 958
957 956
119 118
424 422
715 714
953 952
721 720
437 434
475 474
511 510
146 144
344 343
934 932
930 929
234 231
769 765
242 238
304 297
915 912
573 572
244 243
897 894
461 459
801 800
288 285
810 808
250 249
817 816
264 263
518 517
833 832
835 834
838 837
881 879
876 873
257 256
858 857
341 339
862 861
703 701
8 6
841 840
32 31
262 259
856 853
443 438
454 452
290 289
458 455
18 15
44 40
12 10
51 49
482 481
115 114
408 407
101 99
155 153
93 91
617 615
30 27
744 740
522 521
402 401
995 993
204 200
847 846
544 543
814 813
410 409
26 20
796 795
471 470
